0,808121823616383;0,608876366750745;0,409307197668267;0,283245695146381;0,958971699680654;-0,280803671703117;-0,0397415319372627;0,35785411734034;0,603402108700668;-0,459749175915378;0,0346392137159777;-0,81937792094442;0,813588344516041
-0,73035067493578;-0,0507208228314858;-0,907082728998308;0,886402214824409;1;0,0612509931592508;-0,169102927721153;0,0551552609797359;-0,230660186174167;-0,982;0,504891285002181;-0,330147918826038;-0,566429538450404
-0,110198008413519;0,949486499628744;-0,951069178036912;-0,790128336466443;0,147014791680041;-0,63564410602471;-0,414338514867396;0,696286679104104;0,19100260916073;0,110489124949318;0,0223992108471689;0,0183448330584657;-0,426478158415518
-0,433351454992477;-0,240731973778797;0,487670410185899;0,0534463287580043;0,473676962093765;-0,284731332810936;0,575885028654656;-0,326338472188608;-0,65112926701602;0,860186770493252;-0,892040441693757;-0,42367581064984;0,187201193155349
-0,797279817889109;0,0327669284459049;-0,393578390308459;0,069735772474546;0,495869559494718;-0,966584087333914;-0,326606386027581;0,525401238131058;0,611742958245679;-0,00922803156600704;0,308923295377252;0,47453044516711;0,393236032404581
0,798168656322252;0,553960593922977;-0,871698334588063;0,78301243473916;0,757790052219196;0,0175180601545228;-0,131942618234056;0,288513492461533;0,819775569168746;-0,925370953942356;0,567484850793837;0,724893485067828;-0,435670154837738
0,65379047657074;0,00796705251930607;0,763908933738204;-0,241417362932776;-0,910700270864507;1;0,482547474183397;0,959813598524692;-0,0474589350854321;0,519894556686699;0,0898650694125636;-0,859733163313816;0,5736195654546
0,452813287942118;-0,655048780913953;0,0481206034534241;0,553732465744825;0,76249605778721;-0,821252885191353;0,578915883590894;-0,950559070310816;-0,955014652551624;0,973924434731679;-0,493640137600545;-0,43414170175518;-0,897603281725945

0,269713354888239;-0,350249373982777;-0,931046159905869;-0,518279351069722;-0,239951322432585;-0,25483462738564;0,295753600679223;0,711509476281474;-0,715043273621725
0,627757244570068;-0,881522802580857;-0,354809272733894;-0,89623265988018;0,129719671388026;-0,706722585347818;-0,103884134024328;-0,814164171840141;0,831231838944942
0,46626146019728;0,456169318154533;0,661112095071521;-0,0825020880822568;-0,398926981444902;0,956931607777687;-0,327231963783145;0,809620361686507;-0,0629617707165712
0,652094802657186;-0,594207076166853;0,198714390955267;0,408078185938335;0,154461498909845;0,0844013835696511;0,666359618150796;0,209832023461271;0,623528565104831

