0,50347599829709;0,370851157545043;-0,86510461529582;0,396536175811913;0,634803479587102;-0,375952656090238;-0,283815731289245;-0,774680972486586;0,887994809955356;-0,0179048740807479;0,86117387041737;0,316601120548603;0,68113705654635
-0,943945261623685;0,952801467828826;1;0,686364627898375;-0,723762040885054;-0,754489994163853;-0,57089796582139;0,610032407496605;0,872669441238823;0,129733203505042;0,952945527598702;-0,580937421249662;0,0810066960719446
-0,992041320536305;0,108642652215735;0,925069705548263;-0,337269866530443;0,678659791908534;0,475439796911292;-0,243234799822436;0,133928654312123;-0,393789853618382;0,627805335273876;-1;-0,425944759243142;0,287629385752431
0,47104352036074;0,76082685951182;0,241700900637871;0,275726326675492;0,633674510089529;0,534641387655698;-0,151337746135582;-0,135027030080104;0,54071917209994;-0,802665561345716;0,0657356647149361;-0,836242468951383;0,294651775017218
-0,583324562564178;-0,166895565188907;0,34519145700391;-0,360969133101855;-0,657882045959999;-0,850050142894522;0,0524735970615752;-0,326203216484842;-0,788513525342808;0,591541616495019;-0,668750678034849;0,209264676485799;0,456435334010718
-0,834881968719364;-0,440164079628961;-0,369791597765773;0,162973483579687;-0,61100386744505;0,978491443199334;0,0593093871415171;-0,151391426637485;0,719356459434776;-0,29472482533321;-0,513668493141266;-0,265056885436669;0,550058693415513
0,00829478772743353;0,56940032488592;-0,891966273847952;-0,20015830284737;-0,0416917864385488;-0,140665959166673;-0,592027397579061;-0,568991983108684;-0,954781910383507;0,923660765366471;0,851737197308213;0,903179279483473;0,316687381233875
-0,0480928314142361;0,508581643695283;-0,286167397762727;-0,745332928255821;-0,8617147569832;-0,14454842132728;0,961461650189693;-0,793760823921189;0,0839073141496196;-0,711173666506621;-0,76523543231433;-0,648254311479747;0,872338306099334

-0,912866292480783;-0,708128194188759;-0,780708714286195;-0,850994834606999;-0,101528365677934;-0,422572363830438;-0,151440337836482;0,389433604380783;0,245472940264956
0,0179788661273097;0,0057804440175091;-0,172284606458752;-0,566954545475056;-0,846543263572521;0,758221765867538;-0,969099313006317;-0,838538397959684;-0,786152700794001
0,652664375329699;-0,481832043026496;0,535592461719919;-0,122492829860418;-0,427929619060797;-0,908470401497777;0,627282904287466;-0,40132261132883;-0,863105834398002
-0,00714210095216616;-0,174740939016799;-0,452893425455733;-0,293575172914926;-0,382469167645308;-0,627875615669356;-0,188812101813411;-0,334957802358529;-0,91057936843046

