0,813548765058419;-0,951;0,34574668824009;0,467770151161947;0,558377479655378;0,270546680907974;-0,843687931002904;-0,427437084075267;-0,516737231157132;-0,262352776970879;0,306791883242685;0,306275895472744;0,406499720341293
-0,467095372950237;0,5392206009972;0,287013723182964;0,715673010663908;-0,81240180706624;0,293635748929175;0,997135256415762;0,224317177985942;-0,0584557359942494;0,964187398536218;0,310958303301576;-0,334830121152955;0,765266069103156
-0,0726402351039649;0,0608508569383299;0,632227404256923;0,710331240479523;-0,675351600011509;0,35321003820431;0,268884772262948;0,98520467709061;0,0291058952967198;0,0813917325457519;-0,140299871054152;-0,852323797462659;-0,799084227167109
0,977646619071088;-0,51896935492706;-0,315600306957774;0,731297254766942;0,854882539288086;0,0358895450066261;-0,0186716813755556;0,315243972146532;0,500061716708384;-0,493316736438925;0,0149150386992446;-0,0214237005768454;-0,290101911270107
0,985581845038376;0,721218889449359;0,208838598434272;0,279307948524276;-0,898157411207518;0,931788384938514;-0,339399727685098;0,806111410552222;-0,16835794614179;0,0184612120587664;-0,0536644883321898;-0,201068471636655;-0,45000117695937
-0,66193124170505;0,802391123209796;0,479295043250683;-0,198557130238301;-0,466171131548552;-0,506686405762884;0,540996808126567;-0,965317579899131;-0,527724015966861;0,552104611342822;-0,311082515056283;0,0472470092388089;-0,635695140751868
-0,117088255992666;0,8728415602226;-0,485977903043375;-0,18115708965862;-0,441832406622745;-0,315687634442322;-0,275245058943632;0,589750311258598;0,290563419133222;0,628665882813589;-0,147633921343663;0,977797946772444;-0,0894508562467298
-0,500398555537871;0,487075930222439;-0,651195637719331;-0,810282288962175;0,462569433014174;0,684064181374416;0,00736572640359667;0,230883716247456;0,0503076999682504;0,0599371954146479;0,862948928895848;-0,133381153053316;0,942854395109627

-0,212241287907698;0,411579491296587;-0,481784331370976;0,611370635037949;-0,794885721893462;-0,313078886509444;-0,976939060714533;0,85153772954435;0,633719626643564
-0,324071035405654;0,262089313595597;0,778799143516831;-0,610706381318488;-0,818976853889868;-0,981823412693023;-0,203751488217968;-0,389981574094846;-0,852274759603792
-0,890118717164788;-0,258355077010745;0,655279724698178;0,549401850229782;-0,919079122095871;0,7708780578202;-0,823441727004685;-0,946464821671352;-0,162146696430699
0,168534642629574;0,0194211430006759;0,287761058326699;-0,187095635192048;-0,361926831939224;-0,907775936605304;-0,313686801732372;-0,740289078904451;0,330175449759781

