0,573594628634674;0,753626193736506;0,0881301076561818;0,0609201155639813;-0,998466866801245;-0,559531485456755;0,216552455544729;0,88144726486944;0,253647109093446;0,815149415419972;0,542877075375932;-0,306953242657219;-1
0,783678621884286;0,124510072695329;-0,223675861757563;0,19875538777502;0,870565413437116;-0,76708233811291;-0,152147786296973;-0,721894637498955;-0,254362533453089;0,406876278217359;-0,0958237140885665;0,0199946499085029;0,602585450015304
-0,661667825496601;0,24418790416987;0,6189113145256;0,644123923799081;-0,593446914848614;-0,485767565428171;0,903804982967584;-0,53080705997106;0,423400257445593;0,645690664430936;0,410520972463079;0,555533919877156;0,772437333899754
0,0819447380872187;0,516126573790855;0,227875589033531;0,0942445365219584;0,718367189254783;-0,199889510497399;-0,10565648931342;-0,0616684222955575;0,745515998390743;0,54036103540117;-0,275191373785581;0,726197649597282;0,144906521376645
-0,0543553591958971;0,314337888413266;-0,00869718706500595;-0,294228776580761;-0,661250084480853;-0,816046178255252;-0,862074534344522;-0,636052316816548;-0,343210107341041;0,972364551374858;-0,81646404965616;0,688523185294365;0,469596330268586
-0,895934203591167;-0,210758225624803;0,576988015126897;-0,886805628810919;0,508819408264393;0,335803165779357;0,713221467897865;-0,895871920462638;0,89458548738369;0,433725639912172;-0,0117702265324864;0,651392930024952;0,774509088962576
0,181567150718331;-0,872348860778077;-0,187746127689139;0,953162623493542;0,703826868768701;-0,0268973116888187;0,886926274201798;0,245646563774742;0,45028769648461;-0,410532905445682;0,426890127093946;-0,154370965973647;0,368940748911789
0,315005460435061;0,347608454221677;0,402489650716302;0,68154228184444;0,509762022415996;0,044339638689691;0,405721351227593;-0,860229141013803;0,854465848698498;-0,894898263688617;0,289343562577545;0,652321627201662;-0,876458372863223

-0,989725673566445;-0,987023818300582;0,0407784418392827;0,187359250703528;0,948612248501094;-0,945926960532519;-0,0736217066057128;-0,435759173443429;-0,920111974664085
-0,849902111967049;0,551693810872591;-0,324372730834583;-0,731462317393842;0,210433262032659;0,770596911092567;-0,761050233506155;0,513356944319493;-0,80022532017912
-0,754328421202641;0,304565337162728;-0,952121340647396;-0,771763984938974;-0,634386986323813;-0,29836157117894;-0,78695679446075;0,855963617496176;0,943890134777823
-0,779131878064541;0,63473822997638;-0,750400052289665;-0,977450597089459;0,522910309733315;-0,67115900370812;0,580285241631924;0,65809722787612;0,904950092502381

---
-0,564126547223016;0,164616401849602;-0,907443762713784;-0,25482587481608;-0,808466581538537;-0,229671117490936;0,299147743405377;0,213532481907649;0,796008758151908;-0,370977831711517;-0,0767731280423576;-0,794470097773927;-0,283399996014033
-0,115939336417215;-0,137496619083684;0,914089973975946;0,84882222202086;-0,525804526883086;0,643550609072461;0,660038260584715;-0,931601799061336;0,192589852582938;-0,0283209965696191;-0,494545231337913;0,73418461984684;0,541563045020012
0,522290097327107;0,495579075764669;-0,731711151884734;-0,303549910571217;-0,792271531090267;-0,486944223515198;0,964272563329093;-0,7249104807735;0,387211735074973;-0,595541146395514;-0,646667531526958;0,308252901448055;0,348004680754619
-0,518829633257738;-0,977681104355343;-0,226354351838284;-0,0895759980611391;-0,345204206809962;0,996560234574862;-0,263450342818839;0,715081082524304;-0,197819625585256;0,502054295270729;0,291454788898795;0,041161044054274;0,612039696244541
-0,275820748543283;0,191744379322857;-0,850728075881828;0,795432616861273;-0,807062601580779;0,587101468624129;0,0109895053370808;-0,350029626558549;-0,791085541151038;0,803568667640709;-0,0547563662076166;0,0995586687231245;-0,57870630062125
-0,478641467857473;-0,758742661103021;-0,558489515240532;0,0132170221829866;-0,54195547268817;0,560757505502905;-0,459430679427195;0,126190792362294;0,755719639247153;0,565719364940058;0,294752552776948;-0,717834149355923;-0,683116789759657
-0,975048616516892;-0,00236503733432158;0,826481962495708;0,759234049245358;0,99352478049394;-0,0231659407835295;0,655289045374509;-0,404311227334808;-0,400686788092687;-0,227471815993763;-0,874182404891673;0,5917791182137;-0,788478544814735
0,416496125709497;-0,702736603889026;-0,301965692686832;0,678916510976346;-0,709249771996052;0,828402014369332;0,810865333215737;-0,766497906188712;0,586389139102022;-0,504707681715818;0,273570597764836;0,788963352231757;0,0440097679588989

-0,674602761713137;-0,452978626570189;0,885719893446993;-0,799435227084642;0,200539504736913;0,0705909696736331;-0,808221754528685;-0,823758369229621;-0,740436111455986
-0,225514564302524;-0,227263932687819;0,427192402736839;-0,685933805855892;0,0167390885840817;-0,550077252811788;0,225502533477499;0,821797658606338;-0,499078627442512
0,922830803283877;0,805557238778825;-0,328407629080307;-0,500032811192811;-0,795493884848195;0,487191118992488;-0,132660097970003;-0,87841509928853;-0,215154346644485
-0,662917595199737;0,290010532033635;0,493276385354473;-0,644009856341411;0,220402674386465;0,24403376655841;0,547242687804272;-0,370398870376124;-0,865231243830748

