0,573594628634674;0,753626193736506;0,0881301076561818;0,0609201155639813;-0,998466866801245;-0,559531485456755;0,216552455544729;0,88144726486944;0,253647109093446;0,815149415419972;0,542877075375932;-0,306953242657219;-1
0,783678621884286;0,124510072695329;-0,223675861757563;0,19875538777502;0,870565413437116;-0,76708233811291;-0,152147786296973;-0,721894637498955;-0,254362533453089;0,406876278217359;-0,0958237140885665;0,0199946499085029;0,602585450015304
-0,661667825496601;0,24418790416987;0,6189113145256;0,644123923799081;-0,593446914848614;-0,485767565428171;0,903804982967584;-0,53080705997106;0,423400257445593;0,645690664430936;0,410520972463079;0,555533919877156;0,772437333899754
0,0819447380872187;0,516126573790855;0,227875589033531;0,0942445365219584;0,718367189254783;-0,199889510497399;-0,10565648931342;-0,0616684222955575;0,745515998390743;0,54036103540117;-0,275191373785581;0,726197649597282;0,144906521376645
-0,0543553591958971;0,314337888413266;-0,00869718706500595;-0,294228776580761;-0,661250084480853;-0,816046178255252;-0,862074534344522;-0,636052316816548;-0,343210107341041;0,972364551374858;-0,81646404965616;0,688523185294365;0,469596330268586
-0,895934203591167;-0,210758225624803;0,576988015126897;-0,886805628810919;0,508819408264393;0,335803165779357;0,713221467897865;-0,895871920462638;0,89458548738369;0,433725639912172;-0,0117702265324864;0,651392930024952;0,774509088962576
0,181567150718331;-0,872348860778077;-0,187746127689139;0,953162623493542;0,703826868768701;-0,0268973116888187;0,886926274201798;0,245646563774742;0,45028769648461;-0,410532905445682;0,426890127093946;-0,154370965973647;0,368940748911789
0,315005460435061;0,347608454221677;0,402489650716302;0,68154228184444;0,509762022415996;0,044339638689691;0,405721351227593;-0,860229141013803;0,854465848698498;-0,894898263688617;0,289343562577545;0,652321627201662;-0,876458372863223

-0,989725673566445;-0,987023818300582;0,0407784418392827;0,187359250703528;0,948612248501094;-0,945926960532519;-0,0736217066057128;-0,435759173443429;-0,920111974664085
-0,849902111967049;0,551693810872591;-0,324372730834583;-0,731462317393842;0,210433262032659;0,770596911092567;-0,761050233506155;0,513356944319493;-0,80022532017912
-0,754328421202641;0,304565337162728;-0,952121340647396;-0,771763984938974;-0,634386986323813;-0,29836157117894;-0,78695679446075;0,855963617496176;0,943890134777823
-0,779131878064541;0,63473822997638;-0,750400052289665;-0,977450597089459;0,522910309733315;-0,67115900370812;0,580285241631924;0,65809722787612;0,904950092502381

---
-0,471941167242798;0,118711816667911;0,454419336958984;-0,193149219822674;0,8617313000661;-0,406384394227706;-0,954328525790166;0,92927528169438;-0,546896083069451;0,0429709642394311;0,351545625995633;0,190829403321645;-0,489413689584198
-0,457331935622418;-0,058093434692404;0,732515534261482;0,906197951131593;0,508798016006499;0,609688030374091;0,084221196865766;-0,266137713224691;0,298346748248835;0,331814680868673;-0,668158276783376;0,465500802484109;-0,499677649466171
0,79855276169188;0,469090647748248;0,223502763185419;0,950547317019919;0,966167030840259;0,373260728723025;-0,142162972661742;0,858110704393178;0,628875945521926;0,189606364439058;-0,916601308582631;-0,351401024196018;-0,207271456349302
-0,715544352175456;-0,766695261824269;0,677099469898781;-0,533663356459543;0,728041361890752;-0,771238612835872;0,104260862387838;-0,146700362277543;-0,265204950824941;0,630961250341945;-0,265777414322727;0,63485389278962;-0,305104133349426
0,978284897272608;0,195183492822192;0,922425123826799;0,509813265646721;0,786897135799237;0,12257761374236;0,341349977693218;0,361408949532271;-0,949052458605288;-0,423419173538414;-0,294227481491038;-0,49744340008937;0,0768039333991726
-0,896919663947504;-0,667007624016613;-0,347524393977376;-0,100817112764724;0,752300200868538;0,649116842844112;0,25759897532761;-0,2839305276442;0,811135268682211;-0,149083541309966;0,0567628168765282;-0,167989895291622;0,603773318977921
-0,0391789223249903;-0,63876005990373;0,647022712811373;0,807873015202523;0,838129397406303;-0,510719822491854;-0,684306575769701;0,271271164189685;0,088805080898481;0,662653534516065;0,935685580566379;-0,880937320124794;0,402709228639821
0,0851057428331607;0,307248998110764;0,431319594118427;0,747605220297168;0,656723911714146;-0,0286730486101811;0,963780043629827;-0,34876257150842;-0,74952351010848;-0,228731513595549;-0,799175968300167;0,835612161939783;0,878661049473407

-0,0198899624030525;-0,622745082537991;0,978826394294773;-0,526679620857667;-0,655732965867842;-0,13433769304973;-0,322196839061657;-0,816876183178684;0,0194972776898636
-0,283209974543755;0,714386236720898;-0,756925473807811;-0,261548570944717;-0,783507658999184;-0,813136824319668;0,805532769209488;-0,110520183625873;-0,329661158532678
-0,131769938921449;-0,21987979263993;-0,650409027771283;-0,311704234830897;0,950349977216846;0,284749878237373;-0,936469951614956;0,194192546975889;-0,914564134513291
0,292444769894911;-0,0474641095136591;0,852603846160976;0,589971453691819;0,44619868111154;0,97226085326274;0,959468347932896;0,404174434674985;0,938438506768289

