0,572061401592596;0,821353196578265;0,183310728638112;0,235072294060175;-0,123659784497535;0,27287308279093;0,724781201585094;0,259386135030718;-0,148780699422946;0,838001303299331;-0,677221012151437;0,400118294768091;-0,281251303516911
0,786673011158906;-0,803475206351595;0,943783762838591;0,808436333661171;-0,970236488823889;0,930697857369994;0,151564929243906;-0,357313324398041;-0,282735668720089;0,682767133301016;-0,34691188267754;-0,372358185551762;0,554663872247405
-0,434829734933949;-0,884860233350126;-0,328855784297388;0,485945454670557;-0,539629449853501;-0,447354495269411;-0,53812540487299;-0,128103072128307;-0,583845424653425;0,574912518062588;-0,225899727052497;0,0035680602321253;0,400210030097612
0,863688711944823;-0,15706756299225;0,75015450443614;-0,64082202671134;-0,717332644256452;-0,826192238671795;-0,835950710788812;0,691385115241811;0,245374219140678;0,18784477233507;-0,608687578518264;0,169576969542344;-0,68985676257911
0,821133483117974;-0,315592018568698;-0,945075081635767;-0,932720607115291;-0,831413936722751;-0,275777388684348;-0,228569520388064;0,39267634325506;0,486200071632024;0,57864143493522;-0,451758080671894;0,302273845906497;0,377630753152832
-0,478719644005746;-0,10175630035892;0,788851768611396;0,162906826246021;-0,263387724414183;0,188683489891087;-0,169131726570954;-0,394446518921501;0,365527592303943;-0,521367507763844;-0,107467828834182;-0,641913642008749;0,441099777557468
-0,965122338368149;-0,53640747476295;0,887278757005594;-0,458701207981771;-0,0607050056851958;-0,720168205779124;-0,566631514871787;-0,950772687274391;-0,463043207214234;0,777466613695708;-0,125027990492539;-0,574124817538133;0,321326454785339
0,202628931590649;-0,755862419379811;-0,960466313157448;0,078970193434027;0,264291002072529;0,132912585108035;0,0569041273821631;-0,0949633974092842;-0,689325721789769;0,276805589570108;0,839533346630416;-0,833532607105343;-0,560767503250748

-0,610162045625114;-0,661291303886702;0,717589756342391;-0,50183888035912;-0,794224510804855;0,162392747198414;0,709193034893457;-0,272513714280219;-0,801057744678602
-0,0861202408960648;0,473397586249466;-0,0550987203862047;-0,360653559379584;-0,66258987489277;-0,077094639221716;0,240403440427223;0,183176690332208;0,120777085945372
0,301182230609088;-0,346968356215846;0,415285820800478;0,153805828259236;-0,413269307191143;-0,433980205764053;-0,713442601130084;0,214341490163627;0,759619586057784
-0,580362443616782;-0,463936825033248;-0,789393922215977;0,0927869356669424;-0,952254589624821;-0,625168600876428;-0,499937502434448;0,077202862630227;-0,959340210985085

