-0,281004361473492;-0,464635472223459;-0,509770733076041;0,0666884554259891;-0,0329352966663127;0,851989654261148;-0,260714368766041;-0,90397104644029;-0,421926085459034;0,823885020116291;-0,306247428122092;0,312535854723088;0,432041216268223
-0,286648128780838;-0,897660440986818;0,279413000344957;-0,214044149051907;-0,819606502125788;0,532139743461804;0,571889346266114;-0,417375293838501;0,906596538455503;0,654736104260542;0,141281859386378;0,835966497963744;0,256991875174452
0,808349762022658;-0,907071992928661;0,523733526955235;0,322242719736995;-0,258803759028112;0,0948374606342229;-0,624997903418261;0,0434035235286707;1;-0,817995462753342;-0,525314077513904;-0,789701907797578;-0,891281341475565
0,505171728089997;-0,921376617809467;-0,610775163215946;0,391730932235592;-0,12619219027748;-0,81155367186831;-0,808192565947861;0,206216366591964;0,775816785998557;-0,323617953711011;-0,912490273785074;-0,867128746742908;-0,168612693980622
0,866076471221669;0,973565473864118;0,754029319125241;-0,929336477035813;-0,186371576484;0,378947407537581;0,348721957462245;0,783072828159236;0,932;-0,155642375837379;-0,430704573395524;0,261831194803971;0,143688779144403
0,68478330582603;-0,039466241858651;-0,499362307260447;-0,791421683134708;-1;-0,112272922141139;-0,449342241254329;0,956674839349778;-0,665283484228553;0,551265964075581;-0,866600130622555;-0,565134393780089;-0,0540717054619787
-0,0913138515741163;0,464159063911605;1;-0,965880654954296;0,48254596078235;0,395223800740309;0,191371466479903;0,831808934952509;-0,484493337331569;-0,653563377282379;0,262374204403429;0,833148321715718;0,534376113730658
-0,289315689955519;-0,138423865259822;-0,483354169634801;0,28736970447347;0,323265758027912;0,754929410179578;-0,842100262568379;0,740119030578117;-0,139468783111995;0,23127367591079;-0,204421326147589;0,588238469133265;-0,318952975477536

-0,814305207605616;-0,120083121173122;0,153926252924803;-0,495578495550704;-0,605202995056847;0,774491555883778;0,887169700994701;0,447218917052829;-0,544262755449984
0,865104408871897;-0,23144978807841;0,679745983183266;0,387871950579747;0,184956884563415;-0,717828163745733;0,0229739784370055;0,902284665919042;-0,752028706368072
0,908580522941696;-0,307459378292532;0,99989125598217;-0,138685438380896;-0,37006539635829;-0,922991984487973;0,379068788783191;-0,790677240952233;0,111257243487638
0,154738871918404;0,468314881188941;-0,686800863447972;0,827158548788707;0,462697263556857;0,165107398836458;0,445224903265585;0,967899166032625;0,446201931427327

