0,985711691894434;-0,597052204235015;0,872298609346756;-0,714019489233857;0,308377435823613;0,434188995246863;0,761118917451295;0,808915631372908;0,541313299695641;-0,272022989239554;-0,978884787563181;0,365602305519675;-0,367643920461947
-0,954112469197303;0,54664289874986;0,252476355039271;0,46709454593579;-0,0399953451179878;1;-0,882679720462616;-0,41946797182945;-0,420492712467207;-0,873137731046014;-0,909632822456599;-0,580331281071683;-0,840356263421176
-0,522013732009574;0,44978885973561;0,00678520696553653;-0,858396675370818;-0,169228073753988;0,871604272104616;-0,844959476998523;-0,544911560663912;-0,8261218524329;-0,260293331912855;0,170213837721485;0,267226147673664;0,873531450950788
0,996659278868073;0,552113771230035;0,960828318404885;0,462088467467617;-1;-0,948377101438761;0,292836349950096;-0,801419700403428;-0,927062904866442;0,116239792912845;0,157995421154888;0,93780966165653;-0,622996725456788
-0,959594937022587;-0,384501427015989;-0,975937895465613;0,832012096341705;-0,774914473189001;0,622931431803355;0,882311791837826;0,210733699244789;-0,799618969851927;-0,700669942284315;-0,251869575592629;0,28270997506646;0,897205084514434
0,164064638858691;0,0825617825181976;-0,639732359798035;0,143298125426889;-0,256063769337285;0,999262517317786;-0,814131601737873;0,00847320393122416;-0,246733639863196;-0,398793491692652;-0,361296290234335;0,0974188200651755;-0,924265545757611
-0,523854400740869;0,156832368978221;0,976063436982251;0,153870869965232;-0,608450933177234;0,860789785810648;-0,664206337027348;-0,574231348297201;0,592567690458413;0,600541950017466;-0,547973665198299;-0,592133948774605;-0,538378858723854
0,705165539730883;0,485914355835837;-0,368202248294001;0,145949066218896;0,25278371351435;0,0996978939975137;-0,885621507598842;-0,846077269802837;0,922111958229035;-0,809725432568102;0,929312659394607;-0,0673610302933311;-0,54369643774987

-0,266381159083164;0,110087570319924;-0,314622645878523;0,127401136386861;-0,66126696283988;-0,202071620711159;-0,559123099576273;0,982182508326221;0,491983333365984
0,0605415529853393;0,186974164651229;-0,321654291507627;-0,657613914300508;0,0903756837781406;0,598654469288259;-0,571642000960019;0,655621195982965;-0,597071193902321
-0,985320078202207;-0,714067631267974;-0,203538632580796;-0,519630230739541;-0,508096409732521;0,688745053340097;-0,0908701098947181;-0,49392608063944;0,285936022776149
-0,315381811612929;0,270139460112033;-0,110760528180171;0,324684132507389;-0,140878820391781;0,412447263213083;0,378335753166273;0,855565673604405;0,92975229766674

