0,481655821894135;-0,206064100007556;-0,155652944536718;-0,941480515002962;-0,539197066038007;0,360710267280093;0,363717524694147;-0,518154873288309;-0,693688745467779;0,524834161403046;-0,315338892104728;0,284611888828041;-0,422020064893188
-0,340621790541625;-0,92624187186651;0,220020336667085;0,679862347558077;0,143074559580104;0,17643171883022;0,752987638000859;0,75628668803735;0,231463490461681;0,897325648878387;0,946365813862237;0,346317808770723;0,1428657291191
-0,799472351465129;-0,786968316452563;-0,543518831740841;0,899209399660681;0,261135257436491;0,633928714149598;-0,979870886916235;-0,193035893697774;0,704145419273593;-0,236846614054333;0,59729769434654;0,672790760953347;-0,844240065314919
0,953006764851979;-0,907960400873777;0,95791417358346;0,486669606290138;0,981760790563077;0,945075354513282;-0,078657068814457;0,751996823471038;-0,0261116535524426;-0,49623381788667;0,402686741856247;-0,377998450481332;-0,148528889028136
0,616527968839057;-0,868568902774048;0,825027317769838;0,909650361123332;-0,103389748885943;-0,0350187583989551;-0,233798323773685;0,258937204842892;-0,214935096546512;-0,0113141588532898;-0,974636041547468;-0,59289814512846;-0,736301096033445
-0,532447361169591;0,272482775744276;0,734015828804586;0,188818832481661;0,303604742187823;0,622722642320545;-0,928928413395271;-0,0226853751049775;-0,508300835969067;0,660948038874635;0,86737251445389;0,519793884171543;0,91556485831531
-0,840215653106671;-0,57502512241482;0,390868905648063;0,514757017379048;0,796265501434107;0,0537944264029127;0,277207850142013;-0,575335853535373;-0,574088468949352;0,925698015857813;-0,0810632114676122;0,794495058150261;0,810543134831611
-0,00779451290508482;-0,0934109152729674;-0,00517727015781089;0,899667651345799;0,0923537579795131;0,932550215130928;0,079567751418598;0,718061886596522;-0,119657039232392;0,648860155441267;-0,931019005333548;0,785069513965896;0,200161439925507

-0,613463247014891;-0,169604655899855;-0,995682165024654;-0,63428578974413;-0,000972494949108227;-0,448855918575477;0,799603797402048;-0,0459330962253423;-0,530492213336049
0,607002736817581;0,826180796989324;-0,312885951862152;-0,933744607462429;-0,0462692319630967;0,392311020471301;-0,822656144305438;0,293196168399042;0,72074910333415
-0,315445273795838;-0,878184824193914;-0,760248745679971;-0,95285149568359;-0,607638041306118;-0,0452912398824893;0,034221298542908;0,59189465809236;0,890395373054964
0,286115714947747;0,540137878404994;0,0195137909704417;0,975399113248754;0,810943050221979;0,572245021151493;-0,982085336922708;-0,0712485644366818;0,526709530282165

