0,573594628634674;0,753626193736506;0,0881301076561818;0,0609201155639813;-0,998466866801245;-0,559531485456755;0,216552455544729;0,88144726486944;0,253647109093446;0,815149415419972;0,542877075375932;-0,306953242657219;-1
0,783678621884286;0,124510072695329;-0,223675861757563;0,19875538777502;0,870565413437116;-0,76708233811291;-0,152147786296973;-0,721894637498955;-0,254362533453089;0,406876278217359;-0,0958237140885665;0,0199946499085029;0,602585450015304
-0,661667825496601;0,24418790416987;0,6189113145256;0,644123923799081;-0,593446914848614;-0,485767565428171;0,903804982967584;-0,53080705997106;0,423400257445593;0,645690664430936;0,410520972463079;0,555533919877156;0,772437333899754
0,0819447380872187;0,516126573790855;0,227875589033531;0,0942445365219584;0,718367189254783;-0,199889510497399;-0,10565648931342;-0,0616684222955575;0,745515998390743;0,54036103540117;-0,275191373785581;0,726197649597282;0,144906521376645
-0,0543553591958971;0,314337888413266;-0,00869718706500595;-0,294228776580761;-0,661250084480853;-0,816046178255252;-0,862074534344522;-0,636052316816548;-0,343210107341041;0,972364551374858;-0,81646404965616;0,688523185294365;0,469596330268586
-0,895934203591167;-0,210758225624803;0,576988015126897;-0,886805628810919;0,508819408264393;0,335803165779357;0,713221467897865;-0,895871920462638;0,89458548738369;0,433725639912172;-0,0117702265324864;0,651392930024952;0,774509088962576
0,181567150718331;-0,872348860778077;-0,187746127689139;0,953162623493542;0,703826868768701;-0,0268973116888187;0,886926274201798;0,245646563774742;0,45028769648461;-0,410532905445682;0,426890127093946;-0,154370965973647;0,368940748911789
0,315005460435061;0,347608454221677;0,402489650716302;0,68154228184444;0,509762022415996;0,044339638689691;0,405721351227593;-0,860229141013803;0,854465848698498;-0,894898263688617;0,289343562577545;0,652321627201662;-0,876458372863223

-0,989725673566445;-0,987023818300582;0,0407784418392827;0,187359250703528;0,948612248501094;-0,945926960532519;-0,0736217066057128;-0,435759173443429;-0,920111974664085
-0,849902111967049;0,551693810872591;-0,324372730834583;-0,731462317393842;0,210433262032659;0,770596911092567;-0,761050233506155;0,513356944319493;-0,80022532017912
-0,754328421202641;0,304565337162728;-0,952121340647396;-0,771763984938974;-0,634386986323813;-0,29836157117894;-0,78695679446075;0,855963617496176;0,943890134777823
-0,779131878064541;0,63473822997638;-0,750400052289665;-0,977450597089459;0,522910309733315;-0,67115900370812;0,580285241631924;0,65809722787612;0,904950092502381

